Training:
Accuracy:  0.8130855522682446
F1_score:  0.8127219391693685
Precision:  0.8100455496737659
Specificity:  0.8107793242994665
Sensitivity/Recall:  0.8154160728669682
MCC:  0.6261873786890927
Training AUC:  0.9646485719357474


Testing
Accuracy:  0.821992110453649
F1_score:  0.821948212083847
Precision:  0.8181148748159057
Specificity:  0.8182041216879293
Sensitivity/Recall:  0.8258176412289395
MCC:  0.6440202752787355
Testing AUC:  0.9066303781180367