Training AUC:  0.9283423261304523
Testing AUC:  0.8895893357264595
Accuracy:  0.9051513190092039
F1_score:  0.44426972527980757
Precision:  0.8878003696857671
Specificity:  0.9945054945054944
Sensitivity/Recall:  0.2962620281273131
MCC:  0.48040571871888776
Accuracy:  0.9063526142965396
F1_score:  0.44498502994011974
Precision:  0.9034954407294833
Specificity:  0.9954058746925192
Sensitivity/Recall:  0.2951837140019861
MCC:  0.4851488503970345