
Accuracy:  0.9649842918712407
F1_score:  0.8442525103574188
Precision:  0.981549514246061
Specificity:  0.9979538808361927
Sensitivity/Recall:  0.7406517587630136
MCC:  0.8353475869388941
Training AUC:  0.9999992130435325

Accuracy:  0.981024248547613
F1_score:  0.9196846184685287
Precision:  0.9899309551208285
Specificity:  0.9987348635459967
Sensitivity/Recall:  0.8587471924132768
MCC:  0.9119403125532213
Testing AUC:  0.9889040059166295