
Accuracy:  0.9240014792899408
F1_score:  0.9239452257586973
Precision:  0.920312115999017
Specificity:  0.9204294478527607
Sensitivity/Recall:  0.9276071340104037
MCC:  0.848031633111556
Training AUC:  0.9999883706086796

Accuracy:  0.9552514792899408
F1_score:  0.9548788067122437
Precision:  0.9559482329517173
Specificity:  0.956670746634027
Sensitivity/Recall:  0.9538117705487956
MCC:  0.9104992049094548
Testing AUC:  0.9860504021356454