
Accuracy:  0.8148730276134123
F1_score:  0.8119227276996775
Precision:  0.8186639727238287
Specificity:  0.8243102709977366
Sensitivity/Recall:  0.8052915967952301
MCC:  0.629762038957416
Training AUC:  0.9613519329812317

Accuracy:  0.8293885601577909
F1_score:  0.8272159800249688
Precision:  0.8417174796747967
Specificity:  0.845715700842001
Sensitivity/Recall:  0.8132056946489936
MCC:  0.6592034768208702
Testing AUC:  0.9076418841817656