Training AUC:  0.9490560035317881
Testing AUC:  0.8912679866694797
Accuracy:  0.9029648106341662
F1_score:  0.4180277422714576
Precision:  0.8926405175899716
Specificity:  0.9951949614963487
Sensitivity/Recall:  0.2729183408542993
MCC:  0.4619792552547647
Accuracy:  0.902690073250821
F1_score:  0.4198042168674699
Precision:  0.8927141713370697
Specificity:  0.9951465101959506
Sensitivity/Recall:  0.2744277627368939
MCC:  0.4631748336211764