Training AUC:  0.936688688936065
Testing AUC:  0.901844739275097
Accuracy:  0.907045766698767
F1_score:  0.4449472096530919
Precision:  0.928402832415421
Specificity:  0.9967074913616876
Sensitivity/Recall:  0.2925861641457972
MCC:  0.4913569647303512
Accuracy:  0.9064789088153574
F1_score:  0.458302852962692
Precision:  0.9213235294117647
Specificity:  0.996118125090698
Sensitivity/Recall:  0.30501460564751703
MCC:  0.4990769935338472