Training AUC:  0.9458987888635495
Testing AUC:  0.8986940032723069
Accuracy:  0.9017255261039104
F1_score:  0.39930522049599537
Precision:  0.9205784204671857
Specificity:  0.9967679145353311
Sensitivity/Recall:  0.25494424249892184
MCC:  0.4547629370198354
Accuracy:  0.9042687547360445
F1_score:  0.41171905316259216
Precision:  0.9266375545851528
Specificity:  0.9969634529877454
Sensitivity/Recall:  0.26465452731354455
MCC:  0.46600486255628487