
Accuracy:  0.9703755742544559
F1_score:  0.8697282099343955
Precision:  0.9907473309608541
Specificity:  0.9989413872351205
Sensitivity/Recall:  0.775055679287305
MCC:  0.8614859083799541
Training AUC:  0.9999995004135536

Accuracy:  0.9841816115180602
F1_score:  0.9347741179533915
Precision:  0.9958391123439667
Specificity:  0.9994564429627483
Sensitivity/Recall:  0.880765456329735
MCC:  0.928072049323107
Testing AUC:  0.9952538953676352