

Accuracy:  0.8149346646942801
F1_score:  0.8165123598252207
Precision:  0.8090221011201937
Specificity:  0.8057403301305741
Sensitivity/Recall:  0.8241426104120405
MCC:  0.6299841137855854
Training AUC:  0.9749257945975373


Accuracy:  0.8312376725838264
F1_score:  0.8285535378835316
Precision:  0.8224763799104923
Specificity:  0.8279103398409255
Sensitivity/Recall:  0.8347211708301792
MCC:  0.662480578468106
Testing AUC:  0.910087628471289