Training AUC:  0.9499190914954954
Testing AUC:  0.9150383150145385
Accuracy:  0.9090428303048482
F1_score:  0.457204767063922
Precision:  0.9585226150503654
Specificity:  0.998099891422367
Sensitivity/Recall:  0.30019794630706426
MCC:  0.508112654514309
Accuracy:  0.9115306895680727
F1_score:  0.48378776713338245
Precision:  0.9697193500738552
Specificity:  0.9985143851003696
Sensitivity/Recall:  0.32228767795778107
MCC:  0.5309172834199086