TR
Accuracy:  0.7913892998027613
F1_score:  0.7910092932785822
Precision:  0.7891332470892627
Specificity:  0.7898968819052296
Sensitivity/Recall:  0.7928942807625651
MCC:  0.5827861333181288
Training AUC:  0.9417850909135559

TS
Accuracy:  0.8032544378698225
F1_score:  0.8016405667412378
Precision:  0.8008443009684629
Specificity:  0.8040557048619594
Sensitivity/Recall:  0.8024384175167952
MCC:  0.6064843890740866
Testing AUC:  0.8884071731836687