
Accuracy:  0.7936698717948718
F1_score:  0.7923193845581165
Precision:  0.7896982438783082
Specificity:  0.7924067631080998
Sensitivity/Recall:  0.7949579831932773
MCC:  0.5873395554982892
Training AUC:  0.9497338178524919


Accuracy:  0.8110207100591716
F1_score:  0.8126603934987169
Precision:  0.8163515835993126
Specificity:  0.8130934532733634
Sensitivity/Recall:  0.8090024330900243
MCC:  0.6220462138103277
Testing AUC:  0.888909985396596