
Training
Accuracy:  0.8784516765285996
F1_score:  0.8797560975609756
Precision:  0.8687902691636057
Specificity:  0.8659489387880651
Sensitivity/Recall:  0.8910022849379361
MCC:  0.7571608506168701
Training AUC:  0.9943388961090558


Testing/Validation
Accuracy:  0.8880670611439843
F1_score:  0.8866699950074888
Precision:  0.8813895781637717
Specificity:  0.8842615012106537
Sensitivity/Recall:  0.8920140632847815
MCC:  0.7761623033903944
Testing AUC:  0.9541251612887535