Training AUC:  0.9999999999999999
Testing AUC:  0.9942986416867748
Accuracy:  0.9201183431952663
F1_score:  0.9191515907673113
Precision:  0.9249795969615168
Specificity:  0.9267634981920696
Sensitivity/Recall:  0.9133965656189945
MCC:  0.8402851791428224
Accuracy:  0.9615384615384616
F1_score:  0.9610778443113772
Precision:  0.9697885196374623
Specificity:  0.9705014749262537
Sensitivity/Recall:  0.9525222551928784
MCC:  0.9232176987004572