Training AUC:  1.0
Testing AUC:  0.9804382463143887
Accuracy:  0.9209812623274162
F1_score:  0.9211028370976675
Precision:  0.9164778641846794
Specificity:  0.9162213623241815
Sensitivity/Recall:  0.9257747262943032
MCC:  0.8420092043815792
Accuracy:  0.9551282051282052
F1_score:  0.9548611111111112
Precision:  0.9492110453648915
Specificity:  0.9498050682261209
Sensitivity/Recall:  0.9605788423153693
MCC:  0.9103201581667242