Training AUC:  0.9381588327555961
Testing AUC:  0.9005673856614522
Accuracy:  0.9054828473548775
F1_score:  0.43379988651409124
Precision:  0.9285425101214575
Specificity:  0.9968047937145857
Sensitivity/Recall:  0.2830083909180652
MCC:  0.4828141226535261
Accuracy:  0.9078050012629452
F1_score:  0.45338824410333206
Precision:  0.9244274809160306
Specificity:  0.9964182344428365
Sensitivity/Recall:  0.3003472222222222
MCC:  0.4967544807851921