Training AUC:  0.9998215008715784
Testing AUC:  0.9801350099674759
Accuracy:  0.9746459750880129
F1_score:  0.8982642848093247
Precision:  0.9263735545828705
Specificity:  0.9897936080999085
Sensitivity/Recall:  0.8718106363356901
MCC:  0.8843292770310012
Accuracy:  0.9862654710785552
F1_score:  0.9443662872490088
Precision:  0.9604578563995838
Specificity:  0.9945120410152725
Sensitivity/Recall:  0.9288050314465409
MCC:  0.9367055879931013