Training AUC:  0.8796763260729886
Testing AUC:  0.8227773695411171
Accuracy:  0.8905640717995674
F1_score:  0.44782539429663853
Precision:  0.6304811035101492
Specificity:  0.9701796461378343
Sensitivity/Recall:  0.34722994256068185
MCC:  0.41428891656933503
Accuracy:  0.8930285425612529
F1_score:  0.4558303886925795
Precision:  0.6518144235186036
Specificity:  0.9725590993013069
Sensitivity/Recall:  0.3504569029389973
MCC:  0.4263143319987547