
Accuracy:  0.8564164201183432
F1_score:  0.856048200216283
Precision:  0.8520728256858162
Specificity:  0.852824184566428
Sensitivity/Recall:  0.8600608431116905
MCC:  0.7128680555719666
Training AUC:  0.9913453983024234

Accuracy:  0.8748767258382643
F1_score:  0.8751691058910344
Precision:  0.8757076052178193
Specificity:  0.8751236399604352
Sensitivity/Recall:  0.8746312684365781
MCC:  0.7497527435911521
Testing AUC:  0.9448341473875861