
Accuracy:  0.9062879876229417
F1_score:  0.5684478371501273
Precision:  0.6898711840479971
Specificity:  0.9681929237173107
Sensitivity/Recall:  0.4833704253214639
MCC:  0.5280206110515616
Training AUC:  0.9331882558081357

Accuracy:  0.9062894670371305
F1_score:  0.6048988285410011
Precision:  0.6589327146171694
Specificity:  0.9574036511156186
Sensitivity/Recall:  0.5590551181102362
MCC:  0.5545453505594595
Testing AUC:  0.8770055185561871