
Accuracy:  0.8063671104536488
F1_score:  0.8033182031616841
Precision:  0.8087104500189084
Specificity:  0.8145885515303317
Sensitivity/Recall:  0.7979973878972573
MCC:  0.6127106594121264
Training AUC:  0.9537431163151155



Accuracy:  0.8069526627218935
F1_score:  0.8052723203183287
Precision:  0.8205778003041054
Specificity:  0.8237051792828686
Sensitivity/Recall:  0.79052734375
MCC:  0.6144286541189009
Testing AUC:  0.8868897578630788