
Accuracy:  0.8040557199211046
F1_score:  0.8051963968380415
Precision:  0.8004385964912281
Specificity:  0.7981018119068163
Sensitivity/Recall:  0.8100110960424115
MCC:  0.6081554912482354
Training AUC:  0.9658113080429721


Accuracy:  0.8126232741617357
F1_score:  0.8099524881220305
Precision:  0.8007416563658838
Specificity:  0.8062034142822794
Sensitivity/Recall:  0.8193776878320264
MCC:  0.6253816572577254
Testing AUC:  0.8869624434788496